id	logFC	AveExpr	t	P.Value	adj.P.Val	B	regulate
IFI27	5.13567272738042	9.16841869432657	8.89604047211972	3.95929947819575e-12	6.84628868104682e-09	17.3062813492947	up
RSAD2	3.20915981476513	7.77000294157117	9.52071285167332	4.17839670295706e-13	4.33508657931795e-09	19.4308911138575	up
ISG15	2.96295361257719	10.3149902612133	8.72624443735914	7.3415570149542e-12	1.01558205373533e-08	16.7215640591989	up
IFI44	2.56049422136097	9.32579846159489	8.91672623613137	3.67301189905166e-12	6.84628868104682e-09	17.3773174560051	up
IFIT3	2.55652067257678	8.86753705445139	8.36530552457012	2.74919476605738e-11	2.59526594505026e-08	15.4696148467198	up
HERC5	2.43367855535396	9.99904993952503	9.02590385359624	2.47320567941659e-12	6.41487723098677e-09	17.7515024936696	up
IFIT1	2.28118608524372	7.92818932725055	8.35296096838103	2.87668032463403e-11	2.59526594505026e-08	15.4265962814313	up
EPSTI1	2.23582908885125	9.50335754056834	8.77076140547631	6.24275467120241e-12	9.26600581204427e-09	16.8751407406694	up
IFITM3	2.14582294760024	10.9991140694454	8.29951704393414	3.5008408107314e-11	2.90569787290707e-08	15.2402113688971	up
OASL	1.94610380599807	7.21657788762486	8.89943173966582	3.910869857313e-12	6.84628868104682e-09	17.3179301669516	up
LY6E	1.85966686507859	10.1823230359352	7.29771354680508	1.4286587245524e-09	6.17597261134631e-07	11.7129518618796	up
MX1	1.84528688037759	11.1863761634629	6.34701903406599	4.89310302837173e-08	1.21843762503981e-05	8.34560391719763	up
IFI44L	1.82324410885572	6.83025245748281	8.48324503762431	1.78387166432799e-11	2.03821335159511e-08	15.8799702581042	up
DDX60	1.71466492843158	7.5638279699017	9.3580930553478	7.47560575745622e-13	5.17062731557389e-09	18.8820468681222	up
CMPK2	1.70730961606331	5.98531852848422	7.91422249756771	1.44975106450057e-10	9.11585896617784e-08	13.8902407030592	up
IFIT2	1.70366710708342	11.0191455003497	6.84809191299138	7.61306304665654e-09	2.63285097030205e-06	10.1188577117473	up
OAS1	1.6691370252678	7.58122594270481	8.47091238920437	1.8663158400148e-11	2.03821335159511e-08	15.8371159409506	up
XAF1	1.66809758340796	8.3368451973045	7.43642587523763	8.52939988530233e-10	4.02238744590962e-07	12.2041289712819	up
IFI6	1.65785682063586	9.84789785207521	9.06798481588561	2.12414180771939e-12	6.40945851205546e-09	17.8953900411819	up
SPATS2L	1.63282219349745	6.57951847702266	7.59591450163367	4.71643664908615e-10	2.35756370958081e-07	12.7681025338261	up
EIF2AK2	1.57236051855012	8.72553750394222	7.2800980008209	1.52541282825804e-09	6.45965636456212e-07	11.6505405860131	up
RTP4	1.57213562928794	6.92683860434996	8.07629089864937	7.96615649275946e-11	5.50992490749196e-08	14.4593462621911	up
HES4	1.56187551482789	7.63295907357015	5.84126311329248	3.15346259293721e-07	5.74900639080502e-05	6.5706649410382	up
OAS2	1.49211851615213	7.41533183020174	7.74522856694519	2.71056759321075e-10	1.52011560970603e-07	13.2951309199333	up
SAMD9L	1.47447756541819	8.35185674132209	8.28875427865093	3.6421411901278e-11	2.90670883442892e-08	15.2026487783985	up
OAS3	1.47071397978459	6.24451648783556	8.53323425562806	1.4855263529059e-11	1.81321598957632e-08	16.0535396796312	up
USP18	1.44776332389869	5.48111908835715	6.81208480107902	8.70423917154395e-09	2.91311230337963e-06	9.99120321373748	up
IFIH1	1.44177872859462	7.89562147710042	9.62736414764054	2.85739536008343e-13	4.33508657931795e-09	19.7891248460713	up
FCGR1A	1.41815830136041	7.32416889165214	7.78974237454638	2.29837460190812e-10	1.40268449969393e-07	13.4520382458652	up
LAP3	1.40692676185359	8.37050404350509	9.25258952988546	1.09187202090822e-12	5.66408610846137e-09	18.5243242660344	up
HERC6	1.40357340997361	7.49331958007564	8.01553747324486	9.96912447576413e-11	6.6728817055518e-08	14.2462097509987	up
GBP1	1.38878321678788	8.66999686896028	8.11176481283118	6.98899732854655e-11	5.000748088529e-08	14.5836800112271	up
CXCL10	1.38821391235285	6.28114096296118	6.84205247287816	7.78604835921263e-09	2.64853284350266e-06	10.0974451807006	up
IFIT5	1.36474210902462	6.52782043317047	7.63419237580072	4.09177493466017e-10	2.17703409985125e-07	12.9033082088069	up
FCGR1B	1.346619890758	7.3247984478794	8.35575037256178	2.84736330546071e-11	2.59526594505026e-08	15.436317945457	up
PARP9	1.27131768514651	8.51032146276176	8.30696140604554	3.40634220664886e-11	2.90569787290707e-08	15.2661871981171	up
PLSCR1	1.26926747139401	6.82917203177905	6.37352817641877	4.43556959455623e-08	1.15047586358802e-05	8.43916154624729	up
OTOF	1.26105002220912	4.90181358131385	6.52507161732759	2.5288505168928e-08	7.18817098979803e-06	8.97468335416866	up
ZBP1	1.25462113921966	8.56630159675908	5.95616674842285	2.06908662194954e-07	4.20917131426009e-05	6.97190921108569	up
IFI35	1.25220734024997	8.81347735287563	8.89698599186599	3.94573642736397e-12	6.84628868104682e-09	17.3095292760642	up
DHX58	1.25154429000572	6.84854776162095	7.02696786307019	3.91272388189047e-09	1.44980393837906e-06	10.7531677014508	up
RNASE2	1.2125670346441	8.84455246339859	6.5461151396987	2.33884774715168e-08	6.83536489484471e-06	9.04912725858003	up
DDX60L	1.19051871641588	7.53933284167501	6.07950278074512	1.31442395644976e-07	2.81178320580748e-05	7.40405834897082	up
LGALS3BP	1.17892691383952	5.71932505218298	5.92582394103805	2.3129267490602e-07	4.53063853529355e-05	6.86581697371979	up
TRIM22	1.17666074662475	9.2937160503393	7.60659085088022	4.53316967003802e-10	2.35158176633222e-07	12.8058200555426	up
CCR1	1.16631857635836	8.33875137466613	7.76516764238203	2.51748105546561e-10	1.45104810835865e-07	13.3654272477849	up
FBXO6	1.16265899274839	7.09114780799947	8.45308175255064	1.99233680188894e-11	2.06704943195978e-08	15.7751335762818	up
BATF2	1.16132589794717	5.11709935572059	6.11528006189681	1.15205130959183e-07	2.54309198659899e-05	7.52966925404273	up
CCL2	1.15657611620897	4.89001958562469	4.79418152422478	1.34471969642017e-05	0.00124566668306779	3.00749378330999	up
CLEC12A	1.14079964473553	8.75626041179178	5.29153035636503	2.31509829563287e-06	0.000312891623578026	4.67494647144853	up
SIGLEC1	1.09124319708687	4.67710735221499	7.30427126687948	1.39423082438922e-09	6.15538076725026e-07	11.736183862132	up
PARP12	1.08643780218017	8.41824952922124	6.1192150011258	1.13545783478275e-07	2.53341398620883e-05	7.54349096252637	up
CCL8	1.08415250857753	5.23302914405336	6.29364586409613	5.96172148998141e-08	1.42190483812775e-05	8.15736081598994	up
MT2A	1.07418184358075	9.89562924234947	6.64719456614513	1.60681936459699e-08	4.91939751387861e-06	9.40692853241187	up
TCN1	1.06088421916286	6.71689023012083	3.61880211081047	0.000657280326849848	0.0236780673300944	-0.63952482597665	up
MT1A	1.05586293379607	9.27168219059476	7.59276327193533	4.77193618324791e-10	2.35756370958081e-07	12.7569689131386	up
TNFSF13B	1.05260519068949	10.2637882193003	9.07554775349378	2.06688137340558e-12	6.40945851205546e-09	17.9212298408347	up
RETN	1.03289410601771	6.05870632926009	4.23387601946038	9.08365473017896e-05	0.00529454594525881	1.20707224525855	up
PARP14	1.00583076340398	9.09528647422543	6.78754674852494	9.53603122397474e-09	3.09176012339806e-06	9.90422013209573	up
HELZ2	0.998469575093875	9.48871207072158	6.13858498477182	1.05717587407417e-07	2.41059333923505e-05	7.61154742231975	up
TIMM10	0.990342022339603	7.6675671827288	4.01858725623202	0.00018448823373346	0.00920223762011848	0.543243433684267	up
DDX58	0.9695087266353	6.77176977148512	6.04357393231687	1.50036056368649e-07	3.14469512085805e-05	7.27802572083429	up
TNFSF10	0.967642692136236	9.70289806809782	9.06306740418045	2.16222696792232e-12	6.40945851205546e-09	17.8785857296612	up
SCO2	0.965774368373262	8.55340134289642	6.10263875210968	1.20700782815415e-07	2.63635920359985e-05	7.48527450276694	up
ANKRD22	0.921933049804522	6.09238595562381	4.84227518925588	1.13696459248531e-05	0.00109222293028103	3.16624015348762	up
MPO	0.916044190226424	5.86852143530566	3.29852864325843	0.00173301643517679	0.045750751946461	-1.53329481435296	up
HP	0.913409120928267	5.827217357218	3.44105445273645	0.00113217100276868	0.0339978991424748	-1.14194180233014	up
MX2	0.900493239612803	9.38281487388371	5.33409619113202	1.98711349552264e-06	0.000286337534945102	4.82002951723415	up
IFI16	0.889344916306205	9.60381327514385	8.20413763918851	4.97251389972289e-11	3.82146901552778e-08	14.9070190859387	up
SERPING1	0.888443138806528	5.48285450003037	6.34165822593964	4.99119027124741e-08	1.21843762503981e-05	8.32668909381606	up
IFITM1	0.884367117844176	11.8468086689417	7.44107904683578	8.38314777893055e-10	4.02238744590962e-07	12.220596042988	up
STAT1	0.879087740840879	9.90612980847069	7.76616508729798	2.50819277236158e-10	1.45104810835865e-07	13.3689432544791	up
TDRD7	0.878604705746471	7.08414996088165	8.14396952215618	6.20650009668081e-11	4.59945989307596e-08	14.6964786476281	up
CEACAM1	0.858304697569048	6.87740111989992	3.87511632462513	0.000293141778014436	0.0130529868965656	0.110898600832329	up
TOR1B	0.852588096305888	7.22596178721875	6.79796711757091	9.17352013895543e-09	3.02143718862421e-06	9.94115735038448	up
GBP5	0.847687923661141	8.93593519747427	4.65456687744048	2.18189085118924e-05	0.0017894954609556	2.55012017189775	up
IRF7	0.845062718488234	7.13383276999096	5.28849619235736	2.34041915735697e-06	0.000313314177517142	4.66461734058916	up
CHMP5	0.839560695624886	8.57117736359291	7.2554412020288	1.67195727547523e-09	6.9386226932222e-07	11.56317130027	up
SAMD9	0.820616660846328	9.02093645864109	7.20501375032484	2.01702328409582e-09	8.20651630293888e-07	11.384449720662	up
FFAR2	0.813867123889933	9.53715084840782	4.4629240446624	4.20500199499207e-05	0.00300875142745122	1.93135156886984	up
HESX1	0.808545530069089	4.41765732568972	5.29067804573392	2.32218361595258e-06	0.000312891623578026	4.67204479939472	up
ABCA1	0.793347241454064	8.2342266448593	3.49435649581889	0.000963224428325198	0.0303351504460177	-0.992908563319413	up
IL1RN	0.787217007482909	6.83880895492301	6.72481972466741	1.20411320608304e-08	3.84389985018816e-06	9.68191264395679	up
LGALS9	0.773327745262761	6.53609121620596	6.3557388219222	4.73764049276877e-08	1.213654817592e-05	8.37637393358594	up
MOV10	0.76232489000073	6.55959865016639	5.4966145353147	1.10596575571313e-06	0.000173854465386724	5.37684633423441	up
RIN2	0.761374133491095	6.47537991467183	7.11350813584119	2.83531115491408e-09	1.06968557208122e-06	11.0600436212025	up
BLVRA	0.747190916574134	8.59805649454104	6.07669120800579	1.32810875514427e-07	2.81206700706568e-05	7.3941917469248	up
CD38	0.726099907958199	5.96123753888366	4.77261969393606	1.44954227754531e-05	0.00131797746170924	2.93651672253179	up
MCEMP1	0.720575826726528	8.30320420014391	3.91890471192517	0.00025471176261624	0.0117450423873044	0.241959288342098	up
CLEC4D	0.720082274088561	6.34798164811484	3.85474499194669	0.000312868553242614	0.0137834872182255	0.0502007615441418	up
TAP1	0.714785032518918	10.8851741542387	6.38842146439231	4.19748367086091e-08	1.10250362240967e-05	8.49174086649274	up
DTX3L	0.708947237031181	6.67188128842804	4.68356653231164	1.97399516350433e-05	0.0016583157750087	2.644684580384	up
H1F0	0.69859861117123	6.73218174761944	4.56967703498273	2.92134208557485e-05	0.00226164607314791	2.27468314602681	up
BST2	0.690175026838034	9.05087569271001	5.73784123804007	4.60242335714047e-07	8.02523400509787e-05	6.21078629270817	up
STAT2	0.680190401696109	10.2434828814031	5.48377405710824	1.15854264636344e-06	0.000180750074526626	5.33269472413374	up
NOD2	0.678924095697819	7.5810329076387	5.04567244733064	5.55918907853594e-06	0.000603943316123669	3.84383871122228	up
TLR2	0.678763560122905	5.6890800408549	3.64920190541265	0.000598091017327259	0.0221280326200025	-0.552075952711677	up
NEXN	0.666400509810841	6.29336969896518	5.65710900504012	6.17707020003902e-07	0.000103366295686137	5.93078771281199	up
TYMP	0.664379567242974	8.30952164923539	5.67178069312882	5.85576839618254e-07	9.8786336764868e-05	5.98160882590963	up
CDC20	0.651716705002208	5.51332930666107	3.7837721874991	0.000392064934869906	0.0163689082465806	-0.159878249564062	up
VCAN	0.650539484902172	10.1520354331403	5.23548980494625	2.8295195642539e-06	0.000364069466587718	4.4844470627667	up
STARD8	0.649073219489646	5.74763808760405	7.02199363201332	3.98583424240872e-09	1.45098351806984e-06	10.7355277365701	up
SLC22A16	0.645476200014273	5.10118037057439	4.6528128892643	2.19512993103264e-05	0.00179326559326486	2.54440819368349	up
NCOA7	0.63774805955439	7.74115004841192	6.9004831553123	6.26475094822764e-09	2.20328105382582e-06	10.304624063578	up
LAMP3	0.637602062722323	5.59734056698624	7.33597606761863	1.23914155038833e-09	5.58960590664303e-07	11.8484899073774	up
CISH	0.633230896713926	6.36696686366998	4.88739060618561	9.70876559284742e-06	0.000967084406138992	3.31568551144661	up
C3AR1	0.632568178084168	6.24524600957053	4.06836195536465	0.000156834073041364	0.00809529108360275	0.69516308871562	up
EPB41L3	0.629757834244927	6.49425938992296	6.15421903517284	9.97925215363022e-08	2.30077202430919e-05	7.66649940239438	up
MAFB	0.626058529501445	8.15237632213117	4.90258581990814	9.20491269466882e-06	0.000927193875797952	3.36613262179138	up
TRAFD1	0.622906108302925	7.42865675730086	5.03869107147288	5.69823714282289e-06	0.000613240621033036	3.82042257912126	up
APOL6	0.621817423906175	5.36770105108992	4.43044715121978	4.69473669865293e-05	0.00326898612406202	1.82760304706331	up
TNFAIP6	0.621300893541528	6.13661948744638	5.08587128509273	4.82114430833419e-06	0.000549663430757881	3.97887634318503	up
JAK2	0.620328591206709	6.46624012364658	6.13474538035627	1.07225458800864e-07	2.41840029360645e-05	7.59805457955781	up
REC8	0.618734776171796	7.03997108029768	4.69148149252184	1.92070588103503e-05	0.00164670430418922	2.67053499937314	up
CKAP4	0.618485460982949	8.46760265214885	4.29485945647826	7.41117609137063e-05	0.00460424861963894	1.39817932668339	up
MYD88	0.611002280957766	8.87113210646719	6.09371704256955	1.24735500061511e-07	2.69610586070453e-05	7.45395052471028	up
SORT1	0.608597886719203	7.47473945687917	5.19975370992672	3.21481459811451e-06	0.000395001978377023	4.36328279882788	up
CD300C	0.607247991842597	6.88234036404365	3.94699379540076	0.000232667929119969	0.0109887713252468	0.326449363364876	up
CYBB	0.602046003200055	8.73279094752679	6.00927346879059	1.70218458919502e-07	3.53203302257967e-05	7.15781316188604	up
TCN2	0.601516667926663	5.41225215777227	5.39284649975688	1.60855403292144e-06	0.000240125871821006	5.02080535652027	up
CD163	0.599159246301112	7.19332943218364	5.14672625961403	3.88363237367315e-06	0.000457871430418851	4.18395855207571	up
TOP2A	0.597548455807427	4.97771938406539	3.28068583957648	0.00182665667160495	0.0473789074197534	-1.58153471936619	up
HSH2D	0.597262021774738	8.17800815445303	3.37712018810808	0.00137201090152826	0.038849219891054	-1.31880209582332	up
RGL1	0.597093823369674	5.83681416546894	5.41160246442393	1.50342624233559e-06	0.000226058656003359	5.08502797503037	up
GALM	0.595927818847006	6.76985256326865	4.5137241683326	3.53723819864149e-05	0.00263074167103265	2.09429725654749	up
KYNU	0.592386072678966	7.48847293881834	4.33103879677413	6.56474924796722e-05	0.00419133990447138	1.51216365182032	up
TRIM21	0.589139742255873	7.68619796626488	5.03841147123025	5.70387661972896e-06	0.000613240621033036	3.81948500028159	up
GBP1P1	0.588863893189168	5.31164053739905	3.53600079446524	0.000848224857373627	0.0277613025086794	-0.875488712931785	up
C4orf33	0.583896474222017	5.64245248278503	5.60128582646614	7.56726662547936e-07	0.000125616625982957	5.73769264583219	up
PARP10	0.583603272202168	8.41252647902796	4.06676394122064	0.00015765603961238	0.00809743272761607	0.690270766804118	up
KIAA0355	-0.583533747123228	7.0912670394816	-6.53017205083488	2.48143099806514e-08	7.15134627914607e-06	8.99272512662702	down
CDC37	-0.584269971537889	10.6421986837063	-8.53376224842975	1.48265903023312e-11	1.81321598957632e-08	16.0553717632966	down
PDZD4	-0.586025489917742	5.65600609592982	-4.29786598351416	7.33697507915481e-05	0.00458026814146599	1.40763446237684	down
CXXC5	-0.5930139709515	8.06426573846103	-4.39334868261324	5.32231858623698e-05	0.00360245435848764	1.70950421755912	down
SGSM2	-0.594130896080655	8.88573765392761	-5.70038419404033	5.27621901008698e-07	9.1234620382754e-05	6.08077063930095	down
PPP1R13B	-0.594331963621432	5.40601121722072	-5.9339127217012	2.24526533665756e-07	4.47973612842734e-05	6.89408988109548	down
AUTS2	-0.59522964877667	6.93592882782827	-4.48529435851241	3.89702808704289e-05	0.00281753772843693	2.00300757060842	down
COBLL1	-0.601158452162914	6.19308830398357	-4.56998718006446	2.91823899784278e-05	0.00226164607314791	2.27568563197485	down
CD6	-0.604877070587962	9.38712796665733	-4.25077041850128	8.58677011508709e-05	0.00505544614531051	1.25988469568001	down
JMJD7-PLA2G4B	-0.614878929809858	7.95971167031025	-4.61214539200772	2.52508694837932e-05	0.00203873751668759	2.41221723748232	down
LAMA5	-0.647212005836985	5.49406867254109	-5.73991908576212	4.56765066495495e-07	8.02523400509787e-05	6.21800384385767	down
CRIP2	-0.655644546204055	5.48209904228865	-3.53106240804322	0.000861144748811387	0.0280280688694502	-0.889457408886415	down
KLF13	-0.657432414993131	9.50791875286223	-7.69283234984975	3.2917847110905e-10	1.79748770408231e-07	13.1103095537987	down
PASK	-0.666543739528679	7.34499461230315	-3.68580861665073	0.000533572497514342	0.0204273603753185	-0.446201968665292	down
GNG7	-0.667269174463512	6.35438040146027	-5.21975811391471	2.99317555065106e-06	0.000378873212576536	4.43107764831829	down
OSBPL10	-0.673565775809603	5.31714005539331	-4.57481983576726	2.87030090701263e-05	0.00225601302350424	2.29130996521208	down
SH2D1B	-0.680088293760295	6.19249990070463	-4.28080258929081	7.76788733777832e-05	0.00476874740410947	1.35401364192483	down
FCMR	-0.689711349729729	9.59190041878902	-4.68913351303965	1.93636554323937e-05	0.00164670430418922	2.66286464373946	down
ID3	-0.704209388550192	6.7996194438523	-3.88194500044648	0.000286801342706007	0.0127981244325799	0.131284356383194	down
CXCR5	-0.708256645804609	5.49625998275484	-5.17129128864127	3.55829365268482e-06	0.000424336743064425	4.26696028881928	down
STMN3	-0.722987877771887	9.6929719233183	-5.58768372743313	7.95046419246344e-07	0.000130930263486997	5.69070887429493	down
PTGDS	-0.725008277365419	5.91071361911693	-4.56310750785766	2.98783446622617e-05	0.00229620611756271	2.25345508190851	down
EBF1	-0.7271844812586	4.81595350674713	-4.49806963050797	3.73113932242171e-05	0.00273572936184631	2.04399884637957	down
MEF2D	-0.729498338136837	7.50878884453575	-8.77036527552349	6.25176295752384e-12	9.26600581204427e-09	16.8737750055992	down
FAM129C	-0.76900600260756	5.66911387336632	-5.92564494723432	2.31444667345116e-07	4.53063853529355e-05	6.86519140846664	down
CD79A	-0.785088587278262	6.87461972855268	-5.08260532141565	4.87732063592354e-06	0.000553029525657998	3.96789212901198	down
BLK	-0.800355728341337	5.38621448568906	-5.15191443170967	3.81256582043667e-06	0.000452061375851777	4.20147840334501	down
GNLY	-0.826940008938911	8.85794287758323	-3.49012395421263	0.000975710097362962	0.0305645508685672	-1.00479469510389	down
CLIC3	-0.837565097353234	6.94230441206703	-4.27542242167581	7.90878491527453e-05	0.00481253041032101	1.33712762428884	down
LINC00926	-0.847887869319281	5.36349572490016	-5.47619095391375	1.19074539630075e-06	0.000184387813233139	5.30663267049433	down
HLA-DOB	-0.851451715284631	6.47239589152792	-4.88645221968308	9.74075377749636e-06	0.000967084406138992	3.31257197565442	down
CD72	-0.866869026935996	5.48162360379635	-5.28345302478589	2.38311149914449e-06	0.000314965373294574	4.64745277499754	down
RNY1	-0.887134842590719	6.74908155812384	-5.07183563404443	5.06716851366153e-06	0.000565288960529445	3.93168736067065	down
KLRF1	-0.890133403969164	6.966839561621	-4.34783686495316	6.20446439579685e-05	0.0040106740253204	1.56523727705101	down
FCER2	-0.893120440812064	5.56192627374078	-4.60995525960902	2.54417045898782e-05	0.00203982996879685	2.40511161408708	down
HLA-DQB1	-0.988462436256839	6.90776755071373	-3.50151458890851	0.000942454062784738	0.0299020211051733	-0.972786477929858	down
KLRB1	-1.04529816837413	10.2699809601359	-5.02518194592926	5.97708211735623e-06	0.000636022840693035	3.77514249109603	down
CD79B	-1.08202862453764	7.94652984468156	-6.16941599779744	9.43498975362688e-08	2.19973075716582e-05	7.71993324545738	down
CD19	-1.20064422820684	6.9258666288805	-5.41751997501583	1.47168921088043e-06	0.000222901833034809	5.10530251828072	down
VPREB3	-1.2866757053678	6.66351820722927	-4.70430247004163	1.83735933182142e-05	0.00158855025563727	2.71244522182213	down
FCRLA	-1.45618484656567	7.58169411896934	-5.76072910605362	4.23344479847358e-07	7.50803244173734e-05	6.29031857848747	down
RNA5S9	-1.49569188667508	8.98933600505005	-6.97737541756356	4.70582414048751e-09	1.68354915370889e-06	10.5772980284986	down
